231,35
215,3
215,2
215,1
10,3
215,0
214,5
214,4
214,3
214,2
214,1
11,15
11,22
214,0
213,8
213,7
11,30
213,6
213,5
213,4
213,3
213,2
213,1
11,14
11,10
213,0
212,3
212,2
212,1
212,0
211,3
211,2
211,1
211,0
210,3
210,2
210,1
8,8
210,0
206,7
206,6
206,5
206,4
206,3
8,4
206,2
206,1
8,13
206,0
205,5
205,4
205,3
8,2
205,2
205,1
8,3
205,0
204,5
204,4
204,3
204,2
204,1
204,0
201,5
201,4
201,3
201,2
201,1
12,2
12,1
201,0
200,3
200,2
200,1
12,3
200,0
198,8
198,7
198,6
198,5
198,4
198,3
198,2
198,1
198,0
197,4
197,3
197,2
197,1
197,0
191,5
191,4
191,3
191,2
191,1
191,0
190,3
190,2
190,1
190,0
186,3
186,2
186,1
186,0
183,3
183,2
183,1
183,0
182,3
182,2
182,1
182,0
178,5
178,4
178,3
178,2
178,1
178,0
176,5
176,4
19,2
176,3
176,2
19,1
176,1
19,3
176,0
175,8
175,7
175,6
175,5
175,4
175,3
175,2
175,1
175,0
164,5
164,4
164,3
164,2
164,1
164,0
137,1
20,3
20,2
18,1
20,1
11,26
18,3
